3 1000
6752 5452 6590
323 982 5652
5363 5717 8826
5399 7548 7928
6571 8909 5619
3844 8764 6894
520 2592 539
72 8568 6913
8898 7443 2229
3928 917 9193
3993 1386 9339
6556 5060 7980
8540 3481 3067
8826 6312 7453
5556 9711 9453
9308 8420 6185
3623 4383 1040
6107 435 9851
2319 6726 7252
5577 4359 9904
7655 8350 2973
1561 3061 1819
6760 3948 8444
6995 8973 1827
7640 646 8880
6173 6203 1439
1848 1469 2270
6173 9869 5207
8426 936 6745
668 11 4544
4640 6602 7857
4097 1243 9874
5919 5001 9234
9690 6762 286
2286 4483 384
6588 4321 5065
4334 6621 1236
125 5598 475
6818 2684 7221
619 7064 8582
5140 7904 9637
603 3178 8455
7654 4331 6696
3765 9555 4327
7844 8849 9238
1717 7896 5797
3211 6797 4641
2575 3953 2737
5279 9408 1225
8987 7810 7601
5528 5466 6382
8129 448 1144
8554 9851 3089
3096 4957 9684
4328 4635 4319
9588 3096 3604
9311 7694 1412
4433 1201 3432
9397 46 3768
8995 1961 2220
9464 1988 1416
1476 3262 6593
2701 118 2199
3116 461 4487
1047 8235 9691
5045 7101 813
4155 5378 9545
608 9320 3695
1369 9727 8996
2950 4303 9167
7429 8143 9735
5292 1042 1924
1086 3579 6557
2076 5613 9490
4716 6979 6093
8800 1310 7648
5382 2239 9745
7428 9295 1775
1859 2962 5786
8403 6212 2502
900 3761 5562
173 4457 432
7747 7275 943
8275 6706 4222
3574 6618 2829
9205 2003 4670
4384 2187 6637
4987 4223 5300
5038 7336 8487
3266 8369 2809
6537 9911 8357
519 3824 9383
7745 1733 1908
3155 9701 8775
2372 6419 4143
8552 3809 9952
1465 3041 3645
6063 6621 1586
8981 9695 9036
2338 3191 8298
6321 2698 7494
6544 2254 1091
9211 4503 1996
4926 931 344
10 2080 7307
1185 8661 5749
8694 8164 7951
5016 3353 4334
9370 5971 2439
6473 9327 736
4491 4404 123
4232 8637 3923
8954 1032 8250
1917 7887 7149
9252 4777 302
4098 9796 3695
1750 5074 554
2942 5712 5602
7301 9714 7204
3480 52 6647
9735 5389 5437
588 3539 9978
1552 3727 5597
9804 7000 5668
4376 6945 8339
7547 4789 9640
2657 1779 1316
9796 4490 3542
9780 3714 8813
2573 722 863
4303 6387 9862
8064 3611 8507
3614 8909 9856
7789 107 775
1051 7453 8704
4265 6694 4902
3465 2428 3236
5925 8544 9593
7636 9377 5971
2174 744 936
8803 6271 4707
7022 5093 9433
1126 2478 673
6404 9197 8101
1190 1218 5522
6627 6392 464
9847 8249 2105
5086 3411 9276
7899 547 9155
16 880 7709
5482 486 8610
9264 7811 5034
6595 9075 4627
9471 8324 4251
7254 6811 8332
2315 5067 201
1242 8305 359
4148 2267 9146
9593 7631 7130
5147 241 5184
1883 952 4942
4562 5587 808
7192 2062 1313
5476 5288 9115
3454 640 3739
6221 1799 9152
3868 2840 5338
1956 7825 4317
1286 5048 2723
9447 7265 2288
4122 4764 7139
6443 575 4158
3457 3273 3461
4902 1976 6026
8818 3693 6235
171 393 8792
2640 721 5640
6868 9046 6994
8870 5629 2283
2134 8274 5834
2616 7272 6055
8792 5586 2628
3361 7926 4226
440 4258 5506
7094 7024 5453
8145 116 3847
989 7139 2686
9923 3630 2265
1011 397 7148
115 4158 8657
6248 563 773
1806 3329 7463
6945 1860 3811
2173 8181 7491
4253 983 958
3673 9963 68
1830 9081 1332
4034 4546 3563
613 6665 8160
556 3349 4960
1591 1772 1182
56 2610 4005
5263 1128 1718
397 1968 862
3890 1017 5150
3596 3639 83
1648 9715 1390
9688 9258 2407
1615 2351 8899
5361 5703 7262
5189 2508 5046
7544 2140 3396
2280 8389 3209
292 1188 8404
7405 5614 8202
9015 5684 766
991 9271 4341
9994 2091 5893
4633 5341 8064
906 328 1301
7130 1716 7419
257 766 941
2721 2318 7218
5884 550 5620
7418 9952 9229
5705 6249 889
1618 5070 4648
3160 6405 6471
509 4324 9356
6078 8849 7753
6268 5088 4212
6524 1820 862
776 5840 1053
1217 8143 3823
2700 7929 3255
3018 6075 8066
1441 7447 5751
4241 2026 2577
733 7367 6502
8018 7356 8016
9707 5322 7624
4983 7001 5698
7204 2135 2884
5022 9796 7142
9050 5946 7103
8195 2325 9485
6112 7287 5472
905 7910 1169
6322 7258 4751
3559 3206 6418
4594 4706 7154
9949 4829 6904
3831 4658 9415
7043 676 176
6141 9799 7219
2397 3236 7550
9036 5145 7038
5613 8317 4886
4954 3900 6515
5845 417 8583
7043 5371 9061
9860 8489 1877
7846 4422 1316
228 1327 3709
3521 1895 1811
1549 3211 9727
2606 7281 8577
9691 6083 2944
8231 4416 773
5635 7363 5886
4217 8627 7713
7131 782 7343
1792 5255 6172
8768 4355 640
2846 5414 6570
9682 3059 7412
867 896 8753
8833 6919 6728
9 6838 1750
5930 6290 4732
9408 3833 7172
2539 8198 361
1809 1177 5923
8139 8834 8826
6123 5530 910
594 755 1943
671 5061 7310
5266 7245 3807
814 3763 5109
2509 3694 7270
9456 4705 8972
5047 4831 1821
4762 127 6230
5541 526 2491
4391 1139 8079
5943 9488 2842
2786 5990 9961
4827 2943 8608
5686 3957 7794
2211 7207 2826
7161 7681 5256
4227 8158 3795
7277 631 6949
7902 161 4769
6024 4179 931
9905 9964 4328
9578 906 5160
8044 779 9699
1453 3099 3707
1199 6173 7394
1657 8315 3531
7817 5706 7122
4850 3249 9123
5786 7585 1566
1750 3353 3621
2976 6076 6977
9799 4542 9212
8691 6150 3230
7502 5318 9805
7320 2971 7600
5047 8538 3347
7160 2468 9737
9852 2375 2714
5488 9513 6757
2778 5405 1177
5940 5304 2563
6977 1866 3885
1847 3452 5259
9813 5581 9040
9984 8248 6262
7175 5385 4293
8777 6694 5198
1914 6907 3772
4125 1198 1497
2122 5671 1916
111 652 7333
3840 526 319
1740 6808 2912
4391 4827 5986
8034 8834 4654
311 1320 2045
6938 4569 5151
5647 5925 8092
4198 575 1668
5529 1168 5158
7312 7668 2783
4417 2491 2778
8359 2316 1420
1432 5812 1156
6770 290 2434
4858 2939 2804
294 5337 4794
7314 8606 3686
492 5510 7889
402 9455 6717
3297 1358 9120
5986 6924 8746
6532 6448 1462
8713 3387 8903
28 9900 5616
4123 9531 9614
1107 5817 7394
6841 1649 4748
3994 3823 7705
6954 5664 424
7094 1553 5590
7992 1192 6102
2447 1943 4726
9959 9138 4788
7775 8648 6447
3812 1052 4667
8984 138 8084
2726 3232 8377
353 9873 74
8600 4029 3491
6614 4844 9351
2609 4655 6859
6281 529 5668
4343 2504 9206
4600 5349 2377
8377 7364 3111
7922 4885 9354
7995 5449 182
4829 3796 3912
6473 9510 92
3583 4472 1235
4896 6145 8238
6010 4293 9795
5061 9311 8314
5448 862 4966
4735 2640 4080
6477 5045 6223
3521 8111 9284
7441 8122 5611
8980 5490 9110
8874 9904 8144
7526 1430 8845
2554 2575 4077
1156 9800 8776
2504 8254 9300
2380 1260 6818
1669 27 8894
3896 1110 5100
1632 4632 952
9762 5413 1845
8404 3131 8643
9171 7144 8566
509 1989 8810
5535 2184 2842
7017 4029 785
592 9958 1998
8412 5000 224
8771 1127 977
2896 9928 5198
9200 5532 1601
471 2334 6131
4663 3201 8563
7671 1786 3188
6654 304 2815
2568 9277 4823
6459 6095 3788
3475 8733 5260
2214 6723 1146
1094 4630 7047
4093 2997 2678
3386 3416 3432
2424 2303 613
836 8277 4471
9658 5587 2201
7581 5894 6369
4917 9254 4987
6782 8336 6061
2383 4545 924
7237 6267 8121
230 4187 9464
8124 9290 9377
8268 3347 6122
706 8671 3746
8045 9944 2939
5236 5019 6342
2032 3634 8751
8998 1812 7602
6758 4081 3528
2918 3127 5496
1530 2938 184
96 3690 2579
7789 1024 2500
5674 9468 5286
7307 8033 7127
4149 666 1068
8531 7446 4268
3319 4298 5403
2418 9715 3608
4058 3530 933
349 2886 2613
7683 3929 5711
204 7270 1459
8500 5733 2277
531 142 5772
3704 4316 4797
156 3425 3189
6907 1425 3282
9609 2470 5567
688 5472 2670
4530 3052 3649
8449 3474 5900
7933 7124 8218
2010 8117 4636
871 1426 9413
9532 4100 4676
7937 7261 7010
4052 6476 5896
8107 291 7264
6860 3304 4495
967 6752 9452
7644 3616 8882
6353 2538 5696
5583 2726 5518
111 4920 4101
7798 8247 7867
3105 8768 5844
4565 5108 6104
2910 740 4697
17 4378 7886
955 1515 742
3295 2002 6982
372 8540 1772
3955 7749 7495
4503 5420 4319
7495 4888 2475
1195 9717 4383
7709 5424 7391
6611 4138 4035
2922 7362 7040
2595 7522 7128
8534 7475 9446
6664 7246 3568
9433 8533 7912
1654 4420 105
8248 2151 3160
5981 2947 4454
9808 309 7132
3594 4080 1963
4122 8431 9081
8049 4845 8090
393 3710 8744
5878 2509 8707
8524 2388 1228
3720 3578 2005
3075 1870 9440
9547 5371 3408
3108 6249 3020
4043 6576 6805
625 9888 3427
1706 1014 4485
5823 1569 3785
5872 1745 2692
9944 4179 4809
5546 1247 2697
1528 426 5335
7918 3341 6982
240 6480 3261
6838 4393 9523
9488 1035 677
7392 830 6500
5671 181 1272
8272 7637 2064
3539 6691 9365
9909 3998 1288
4472 9112 3743
5574 8229 2147
3201 9457 6537
7788 112 8510
9119 1470 3220
1796 5544 9762
6517 2486 5161
4427 1395 7966
4545 4019 6539
8679 8546 3510
7899 7392 3535
4891 3611 3136
3944 4240 1178
6509 5684 3205
6777 5585 2549
5385 9030 4132
4190 565 2077
6366 6749 2295
5304 4954 9764
6750 9561 1491
5415 3373 2223
1166 8731 243
5926 5830 9822
9659 8334 2203
1763 1886 2775
4414 191 7551
2083 2615 3234
1652 508 1874
2855 4638 1013
8066 1200 8551
7829 9995 8057
8671 6587 9448
8005 3659 6886
3406 8362 9648
4639 5136 1511
6265 4033 3380
7706 5033 1451
1352 6953 3152
6212 9775 1056
8092 5446 665
9421 999 2972
1089 4712 9361
4515 8611 6964
1909 4099 2645
7220 1233 8970
8438 4321 2058
2883 2897 913
5676 111 3979
7278 3477 5000
7867 4085 5071
4431 647 7646
8951 3027 3703
3779 6177 3439
4556 8866 46
6578 7359 9206
7219 9107 9768
2244 8265 8065
5409 5789 8107
4945 3663 3800
9322 4086 977
9832 3773 2704
436 1754 545
2435 8796 3809
637 4694 2716
4630 1404 4739
8392 2287 6194
1739 1317 9983
7164 4723 5394
8465 1734 6745
3103 3761 5659
2092 964 1342
8176 3906 6989
279 7200 2044
9361 3514 5040
3525 8057 2827
7597 410 3619
9589 2527 2460
9808 4903 4314
4410 9358 5228
6745 206 4531
2064 5745 9047
6719 6817 8040
585 1794 4410
3619 9110 421
1759 2465 9079
5074 9688 8523
6820 7945 9390
6369 5772 6495
7021 8558 5084
5840 2522 4112
3930 9706 1266
1117 6384 4163
9616 8905 4194
871 7995 7782
7294 9031 7566
6774 4412 7793
9097 2358 8608
3308 5127 3650
5081 7162 9011
2019 1107 5412
6949 5586 425
9922 1581 1592
6945 6250 8252
2093 5094 4770
7536 954 6662
4276 114 2609
6487 9774 2597
5561 1816 8676
5392 6084 2701
2126 6205 101
3250 672 5264
3700 6108 6003
878 5271 4977
2962 6397 4708
2551 8572 2192
7679 3688 7274
8737 5393 6170
4107 9385 2872
3896 49 3935
1164 9850 6233
6589 1488 8691
6256 4381 1769
1298 8304 4683
8533 6131 1317
2876 9634 4737
1892 3778 5783
1251 1171 2927
1332 8236 3411
6316 7313 3702
459 9660 2165
6655 8864 807
8148 1011 8825
1368 3887 223
6712 6180 6040
7468 5359 1675
5537 8732 8873
6765 6373 8638
1149 2330 7411
1366 9839 7900
185 1499 9966
6629 8144 2148
3926 2158 5327
200 7076 3451
4931 1016 644
6206 736 7453
6168 1931 6864
520 8190 8282
3837 1540 4417
6751 1398 8146
5074 6304 1073
8953 5666 4059
3939 4267 9863
6599 1557 2653
1734 8011 560
5718 9049 3256
3845 5958 1852
7940 3844 4993
3051 8112 5846
2056 218 6148
1841 5069 332
1351 7842 9141
1682 6324 167
9856 9645 2740
8645 1171 5558
2587 7213 275
407 3482 4873
4261 7552 9155
2484 5948 1193
8695 3350 8691
9824 638 8071
2534 6357 520
6638 6543 9171
2954 3231 4667
777 1851 1685
4963 3335 4872
2109 4538 2731
690 1606 5047
5439 184 4578
6090 4887 5128
581 6355 6540
493 197 4847
3427 8947 1888
7047 6319 8635
5310 3355 5294
7857 9049 9641
1887 2717 3252
2266 3562 6346
113 2405 4716
791 7696 7029
931 5163 5054
6366 5702 6142
9114 219 1350
9423 6301 7947
8346 3209 4367
9485 9762 7337
2391 7227 64
4128 9423 1124
9975 9567 4742
1834 1618 5896
5191 9280 659
9210 7561 6447
4677 8168 6493
768 9466 2396
867 7942 7501
1677 4147 5526
5278 9529 6646
6148 8749 7268
187 2683 8575
7131 8125 235
9409 5576 6200
2266 9933 333
2180 727 2863
7314 4791 2519
6646 5972 4858
7139 3066 4191
4175 2853 7471
6326 31 1235
855 456 5889
2421 5498 3470
1174 5918 8387
5066 5636 4317
9147 4254 6268
9743 1689 4477
7242 5402 1292
5909 5825 7050
1351 6065 9756
1748 6501 2278
4043 3727 1329
2168 7657 9720
6412 673 3081
8599 5878 4753
4197 2667 3228
9351 463 437
4616 709 7865
3253 1337 5625
9603 594 5702
7765 1979 1401
7058 4591 3463
1271 7145 1035
7398 7871 6516
8484 1321 9400
6244 184 8361
3458 1631 6658
8684 6156 7137
7220 1458 3815
4245 6194 307
2096 6492 4915
7713 9905 8367
3127 6349 7918
7313 5845 7801
4070 540 4304
1650 848 873
2061 389 1737
8345 9864 8133
6656 6773 5377
3601 8738 7013
6343 332 7287
1128 8295 9607
4260 4179 403
4044 4124 2870
5542 2336 9419
2746 3191 8104
6879 8187 6241
8320 1459 1889
5317 9292 8098
3080 6702 655
3578 6168 2459
357 3304 4046
3842 6093 375
2780 1595 1170
6755 6886 9227
5256 8926 6927
7859 3001 2832
3640 3740 5977
5482 5314 2019
5924 3049 7644
2873 9762 7794
7768 8583 9340
8692 6716 2648
1384 3062 6986
4534 5631 9081
4463 6156 1594
1507 6406 8677
6942 5454 9714
727 2963 5575
6201 1628 5074
481 4081 5725
8846 4757 7402
6414 4520 3400
7637 961 5473
6040 4145 9706
8614 778 2734
5741 7163 9982
4039 3672 8805
2899 5927 8531
4662 2408 6664
8461 7068 5775
8039 7249 6612
1739 192 5306
1420 8784 2341
188 4137 1936
6135 254 4583
7928 862 7553
8559 1079 2211
8525 5755 4726
8824 3633 2241
5562 3346 9488
5512 717 7198
9592 2545 9921
790 2268 3842
7607 3389 6888
8930 2282 9366
1979 1288 3022
43 1316 3159
5431 2842 6576
3232 1900 1984
7673 2646 3521
7424 4337 7297
3499 1269 5057
6914 4391 3378
1969 3869 4038
374 2780 7191
7515 4780 3336
9756 4954 3502
6911 9121 7578
7380 8820 4963
6793 6014 7448
8605 3677 4604
5293 2590 8719
1993 6105 766
4140 1672 6730
1866 3650 9923
4737 2039 6980
7848 5438 4299
9025 6497 4378
5384 5966 6804
3906 2951 3183
8557 4908 8628
2327 5124 7294
4843 7381 3145
5351 5932 2068
8918 6532 6481
3427 5690 4790
2373 8928 8574
2051 2509 6944
6318 3909 1668
2948 1627 8144
7486 6255 4283
7162 7007 4674
3753 7939 789
6897 527 5568
5022 4980 7892
9009 4639 1755
8363 125 2876
515 1494 9602
5256 6824 2283
5855 8475 4781
1892 5496 7133
2600 4895 6475
3812 4830 9792
7479 440 1084
1976 9683 1429
3588 902 9454
1551 8427 5660
3083 4009 7806
5673 7171 6697
3186 5746 724
7088 1632 7171
7583 8744 213
9128 267 4897
5811 7073 8823
7091 165 7359
782 9327 2511
9790 813 705
4645 2332 1165
2018 5769 4709
6494 4266 6956
87 9176 9572
7570 6571 3680
7447 8498 2746
1114 1897 9539
3959 7537 7319
770 8574 2106
3670 271 5924
3693 3874 3013
159 7025 8926
8281 6731 1966
8679 5468 721
2033 8771 573
8728 719 6656
8265 8547 6751
2228 6842 3344
1841 980 5935
9551 7052 195
9300 208 6353
1109 7545 7953
8474 2540 8123
4398 636 3935
2459 5093 268
8313 2524 1810
3291 8064 1729
6359 67 9086
7457 2653 2615
1213 5102 6250
9173 5419 5935
3075 4709 745
3658 1559 8479
6449 6983 4902
2209 7313 8075
2679 5014 2605
9214 3515 3638
1644 2511 3039
9106 1449 24
3844 3391 4438
4118 6663 2178
6639 417 4488
2336 9396 8179
3850 5166 20
5457 9964 9048
9372 8869 4987
7559 6837 339
1074 1663 5653
5641 2480 7072
4078 2091 3404
360 355 5240
813 9935 1937
6897 3946 461
1959 9338 4733
1813 8404 3044
5839 6171 3955
7797 5555 9346
6979 9500 1248
4923 6626 7551
5602 2322 7513
112 2353 2368
1947 7128 755
6465 173 3429
473 7972 1610
6773 1144 6857
2532 8151 3312
1252 8184 4223
9955 1976 9782
4207 331 8632
9383 6084 358
8371 8076 9447
6241 918 5476
4848 574 5947
990 1976 2629
1408 9810 1527
7054 3890 9118
8093 7699 4623
2463 3918 5786
7206 2781 5873
4145 5659 7023
485 1733 3889
7870 4363 5150
169 489 9875
6388 2715 4811
8405 8503 4969
6298 6051 3460
1662 655 9088
8846 9270 478
9059 2682 6948
4288 9821 8047
6530 926 1408
1741 2703 4780
8032 3694 6935
9810 87 6344
1261 2842 2491
5717 509 9094
4200 8395 4077

